1,1,10,2024-11-01
2,1,15,2024-11-02
3,2,20,2024-11-02
4,0,20,2024-11-02
5,12,7,2025-03-15
6,45,13,2024-12-10
7,28,4,2025-01-22
8,9,18,2024-11-25
9,33,9,2025-04-03
10,17,6,2024-12-18
11,40,15,2025-02-14
12,3,11,2025-05-10
13,25,3,2024-11-30
14,47,20,2025-05-01
15,6,8,2025-03-05
16,19,12,2024-12-01
17,31,5,2025-04-20
18,42,14,2024-11-15
19,10,7,2025-02-28
20,36,9,2024-12-25
21,4,16,2025-01-10
22,48,2,2025-05-17
23,15,13,2024-11-20
24,29,10,2025-03-12
25,21,6,2024-12-05
26,38,18,2025-04-15
27,7,4,2024-11-08
28,43,11,2025-02-03
29,11,15,2025-01-18
30,32,8,2024-12-20
31,16,5,2025-05-05
32,34,12,2024-11-12
33,23,9,2025-03-25
34,46,17,2025-04-08
35,13,3,2024-12-15
36,27,14,2025-01-30
37,5,10,2025-02-10
38,39,6,2024-11-28
39,20,19,2025-05-12
40,30,7,2024-12-30
41,35,13,2025-03-18
42,44,4,2025-04-22
43,8,16,2024-11-05
44,26,11,2025-01-15
45,41,8,2025-02-25
46,18,15,2024-12-08
47,37,5,2025-05-16
48,22,12,2025-04-01
49,14,9,2024-11-18
50,24,17,2025-05-18